5 r
5 4 5 5 3
16
1 HMX2 2 180
2 HMX2 1 180
3 HMX2 1 180
4 HMX1 2 150
5 HMX1 2 150
6 HMX1 2 150
7 HMX1 2 150
8 HMX1 2 150
9 HM 2 180
10 HM 1 180
11 HM 1 180
12 HM 1 180
13 HC 2 180
14 HC 2 180
15 HC 2 180
16 HP 2 180

Output 1 (new):
  16      10      13       7       4
   3      11      14       8       5
          12      15               6
           2       9
                   1

Output 2 (old):
  10       2      13       7       4
  11       3      14       8       5
  12              15       9       6
                  16       1